0.1                       9.430434749059662E-15
0.11                      1.1430243876507241E-14
0.12000000000000001       1.525846121017218E-14
0.13                      1.751888867600078E-14
0.14                      1.9632373174304105E-14
0.15000000000000002       2.2689399518360785E-14
0.16                      2.555800997935164E-14
0.17                      2.8869436520426636E-14
0.18                      3.2452042394175305E-14
0.19                      3.617928485948821E-14
0.2                       4.0486049340472945E-14
