0.1                       -4.622048096468432E-19
0.11                      -5.593681584077823E-19
0.12000000000000001       -7.461274773523432E-19
0.13                      -8.568391438682649E-19
0.14                      -9.60306612408602E-19
0.15000000000000002       -1.1094752589966363E-18
0.16                      -1.249626488034238E-18
0.17                      -1.4122664505959844E-18
0.18                      -1.5872586215077004E-18
0.19                      -1.7693445177632095E-18
0.2                       -1.9796903710587325E-18
