0.249 4.2921
0.2677 4.2502
0.2852 4.2173
0.3054 4.1901
0.3261 4.1662
0.3432 4.1424
0.3598 4.1175
0.3769 4.0914
0.4041 4.054
0.4247 4.0268
0.4489 4.0007
0.4729 3.9723
0.4947 3.9519
0.5178 3.9293
0.5354 3.9089
0.5554 3.885
0.5782 3.8612
0.5998 3.8363
0.6255 3.8125
0.6617 3.7819
0.6985 3.7547
0.7332 3.7343
0.7689 3.7117
0.8066 3.689
0.8247 3.6766
0.8424 3.6641
0.8595 3.6528
0.8776 3.6369
0.8952 3.6221
0.9133 3.6063
0.9308 3.587
0.9465 3.5678
0.9621 3.5451
0.9762 3.5178
0.9878 3.4827
0.9944 3.4452
0.9984 3.3192
1.0000 3.1989
